[LOGO.jpg]
filters=finetune2=1,0.000000,0.120702,0.480000,00000000,0.438596;sat=1,0.625731;
moddate=4681a56e9e91d701
width=981
height=205
textactive=0
[cart.jpg]
filters=finetune2=1,0.000000,0.480000,0.000000,00000000,1.000000;warm=1;
moddate=cfc4d7bfa191d701
width=640
height=640
textactive=0
[menubar.jpg]
filters=finetune2=1,0.847953,0.000000,0.480000,00000000,1.000000;sat=1,0.578947;
moddate=8c4b9f484593d701
width=166
height=134
textactive=0
